         130          90      1000.00
     0.000000      6.30590
     0.000000      4.30874
         101
      280.000
      280.500
      281.000
      281.500
      282.000
      282.500
      283.000
      283.500
      283.600
      283.700
      283.800
      283.900
      284.000
      284.100
      284.200
      284.300
      284.400
      284.500
      284.600
      284.700
      284.800
      284.900
      285.000
      285.100
      285.200
      285.300
      285.400
      285.500
      285.600
      285.700
      285.800
      285.900
      286.000
      286.100
      286.200
      286.300
      286.400
      286.500
      286.600
      286.700
      286.800
      286.900
      287.000
      287.100
      287.200
      287.300
      287.400
      287.500
      287.600
      287.700
      287.800
      287.900
      288.000
      288.100
      288.200
      288.300
      288.400
      288.500
      288.600
      288.700
      288.800
      288.900
      289.000
      289.100
      289.200
      289.300
      289.400
      289.500
      289.600
      289.700
      289.800
      289.900
      290.000
      290.100
      290.200
      290.300
      290.400
      290.500
      290.600
      290.700
      290.800
      290.900
      291.000
      291.500
      292.000
      292.500
      293.000
      293.500
      294.000
      294.500
      295.000
      295.500
      296.000
      296.500
      297.000
      297.500
      298.000
      298.500
      299.000
      299.500
      300.000
20260307014_a000.xim  280.00   3.00
20260307014_a001.xim  280.50   3.00
20260307014_a002.xim  281.00   3.00
20260307014_a003.xim  281.50   3.00
20260307014_a004.xim  282.00   3.00
20260307014_a005.xim  282.50   3.00
20260307014_a006.xim  283.00   3.00
20260307014_a007.xim  283.50   3.00
20260307014_a008.xim  283.60   3.00
20260307014_a009.xim  283.70   3.00
20260307014_a010.xim  283.80   3.00
20260307014_a011.xim  283.90   3.00
20260307014_a012.xim  284.00   3.00
20260307014_a013.xim  284.10   3.00
20260307014_a014.xim  284.20   3.00
20260307014_a015.xim  284.30   3.00
20260307014_a016.xim  284.40   3.00
20260307014_a017.xim  284.50   3.00
20260307014_a018.xim  284.60   3.00
20260307014_a019.xim  284.70   3.00
20260307014_a020.xim  284.80   3.00
20260307014_a021.xim  284.90   3.00
20260307014_a022.xim  285.00   3.00
20260307014_a023.xim  285.10   3.00
20260307014_a024.xim  285.20   3.00
20260307014_a025.xim  285.30   3.00
20260307014_a026.xim  285.40   3.00
20260307014_a027.xim  285.50   3.00
20260307014_a028.xim  285.60   3.00
20260307014_a029.xim  285.70   3.00
20260307014_a030.xim  285.80   3.00
20260307014_a031.xim  285.90   3.00
20260307014_a032.xim  286.00   3.00
20260307014_a033.xim  286.10   3.00
20260307014_a034.xim  286.20   3.00
20260307014_a035.xim  286.30   3.00
20260307014_a036.xim  286.40   3.00
20260307014_a037.xim  286.50   3.00
20260307014_a038.xim  286.60   3.00
20260307014_a039.xim  286.70   3.00
20260307014_a040.xim  286.80   3.00
20260307014_a041.xim  286.90   3.00
20260307014_a042.xim  287.00   3.00
20260307014_a043.xim  287.10   3.00
20260307014_a044.xim  287.20   3.00
20260307014_a045.xim  287.30   3.00
20260307014_a046.xim  287.40   3.00
20260307014_a047.xim  287.50   3.00
20260307014_a048.xim  287.60   3.00
20260307014_a049.xim  287.70   3.00
20260307014_a050.xim  287.80   3.00
20260307014_a051.xim  287.90   3.00
20260307014_a052.xim  288.00   3.00
20260307014_a053.xim  288.10   3.00
20260307014_a054.xim  288.20   3.00
20260307014_a055.xim  288.30   3.00
20260307014_a056.xim  288.40   3.00
20260307014_a057.xim  288.50   3.00
20260307014_a058.xim  288.60   3.00
20260307014_a059.xim  288.70   3.00
20260307014_a060.xim  288.80   3.00
20260307014_a061.xim  288.90   3.00
20260307014_a062.xim  289.00   3.00
20260307014_a063.xim  289.10   3.00
20260307014_a064.xim  289.20   3.00
20260307014_a065.xim  289.30   3.00
20260307014_a066.xim  289.40   3.00
20260307014_a067.xim  289.50   3.00
20260307014_a068.xim  289.60   3.00
20260307014_a069.xim  289.70   3.00
20260307014_a070.xim  289.80   3.00
20260307014_a071.xim  289.90   3.00
20260307014_a072.xim  290.00   3.00
20260307014_a073.xim  290.10   3.00
20260307014_a074.xim  290.20   3.00
20260307014_a075.xim  290.30   3.00
20260307014_a076.xim  290.40   3.00
20260307014_a077.xim  290.50   3.00
20260307014_a078.xim  290.60   3.00
20260307014_a079.xim  290.70   3.00
20260307014_a080.xim  290.80   3.00
20260307014_a081.xim  290.90   3.00
20260307014_a082.xim  291.00   3.00
20260307014_a083.xim  291.50   3.00
20260307014_a084.xim  292.00   3.00
20260307014_a085.xim  292.50   3.00
20260307014_a086.xim  293.00   3.00
20260307014_a087.xim  293.50   3.00
20260307014_a088.xim  294.00   3.00
20260307014_a089.xim  294.50   3.00
20260307014_a090.xim  295.00   3.00
20260307014_a091.xim  295.50   3.00
20260307014_a092.xim  296.00   3.00
20260307014_a093.xim  296.50   3.00
20260307014_a094.xim  297.00   3.00
20260307014_a095.xim  297.50   3.00
20260307014_a096.xim  298.00   3.00
20260307014_a097.xim  298.50   3.00
20260307014_a098.xim  299.00   3.00
20260307014_a099.xim  299.50   3.00
20260307014_a100.xim  300.00   3.00
